L=4, N_a=3, a=2.0, cutoff=3.0, epsilon=1.0, sigma=1.0, uv=False, random_flip=False, burn_in=0
T=2.0, Energy = -0.03728471984863379, Occupation Number = 0.5177555555555569, Density = 0.2912375000000007, chemical potential = 0.0
