L=4, N_a=5, a=1.0, cutoff=3.0, epsilon=1.0, sigma=1.0, uv=False, random_flip=False, burn_in=0
T=3.0, Energy = -0.4349028188177862, Occupation Number = 0.6115866666666676, Density = 0.9556041666666681, chemical potential = 0.0
