L=5.8500000000000005, N_a=10, a=0.65, cutoff=3.0, epsilon=1.0, sigma=1.0, uv=False, random_flip=False, burn_in=0
T=2.0, Energy = -0.1064837002513419, Occupation Number = 0.17344000000000115, Density = 0.5068010811600588, chemical potential = 0
L=5.8500000000000005, N_a=10, a=0.65, cutoff=3.0, epsilon=1.0, sigma=1.0, uv=False, random_flip=False, burn_in=0
T=2.0, Energy = -2.507867579016363, Occupation Number = 0.26412666666666007, Density = 0.7717924367496823, chemical potential = 10
L=5.8500000000000005, N_a=10, a=0.65, cutoff=3.0, epsilon=1.0, sigma=1.0, uv=False, random_flip=False, burn_in=0
T=2.0, Energy = -17.16158970591259, Occupation Number = 0.3778400000000017, Density = 1.1040689604792218, chemical potential = 50
L=5.8500000000000005, N_a=10, a=0.65, cutoff=3.0, epsilon=1.0, sigma=1.0, uv=False, random_flip=False, burn_in=0
T=2.0, Energy = -16.968062994159972, Occupation Number = 0.37281400000000714, Density = 1.0893827160494034, chemical potential = 50
