{
 "cells": [
  {
   "cell_type": "code",
   "execution_count": 2,
   "metadata": {},
   "outputs": [],
   "source": [
    "import numpy as np\n",
    "import sys\n",
    "import itertools\n",
    "\n",
    "\n",
    "# Initialize parameters\n",
    "L = 5  # Lattice size\n",
    "N_a = 10 # Number of lattice points along each direction\n",
    "N = N_a**3  # Total number of lattice\n",
    "T = 1.0  # Temperature\n",
    "sample_size = int(5e3)  # Total number of Monte Carlo steps\n",
    "\n",
    "cutoff = 3.0  # Cutoff distance for LJ potential\n",
    "epsilon = 1.0  # Depth of the potential well\n",
    "sigma = 1.0  # Length scale in LJ potential, also the distance at which the potential becomes zero\n",
    "\n",
    "# Lennard-Jones potential function\n",
    "def V_ij(ri, rj, epsilon=epsilon, sigma=sigma, cutoff=cutoff,uv_cutoff=0.90):\n",
    "    r_ij = np.linalg.norm(np.array(ri) - np.array(rj))\n",
    "    if r_ij > cutoff:\n",
    "        return 0.0\n",
    "    if r_ij < uv_cutoff:\n",
    "        r_ij = uv_cutoff\n",
    "    return 4 * epsilon * ((sigma / r_ij)**12 - (sigma / r_ij)**6)\n",
    "\n",
    "def compute_h_field(lattice, L=L, N_a=N_a, cutoff=cutoff):\n",
    "    h_field = np.zeros_like(lattice, dtype=float)\n",
    "    a = L / (N_a-1)  # Lattice constant of the underlying simple cubic lattice (in reduced units) \n",
    "    for i, j, k in itertools.product(range(N_a), range(N_a), range(N_a)):\n",
    "        count = 0\n",
    "        for dx in range(-int(cutoff // a), int(cutoff // a) + 1):\n",
    "            for dy in range(-int(cutoff // a), int(cutoff // a) + 1):\n",
    "                for dz in range(-int(cutoff // a), int(cutoff // a) + 1):\n",
    "\n",
    "                    if dx == dy == dz == 0:\n",
    "                        continue\n",
    "\n",
    "                    x, y, z = i + dx, j + dy, k + dz\n",
    "\n",
    "                    if 0 <= x < N_a and 0 <= y < N_a and 0 <= z < N_a: # Check if the neighbor is within the lattice\n",
    "                        \n",
    "                        coo_a = np.array([i*a, j*a, k*a])\n",
    "                        coo_b = np.array([x*a, y*a, z*a])\n",
    "\n",
    "                        if np.linalg.norm(coo_a - coo_b) >= cutoff:\n",
    "                            continue\n",
    "\n",
    "                        h_field[i, j, k] += 0.25 * V_ij(coo_a, coo_b,epsilon=1.0)\n",
    "\n",
    "                        count += 1\n",
    "\n",
    "    return h_field\n",
    "\n",
    "# Function to compute total energy of a configuration with open boundary conditions\n",
    "def compute_energy(lattice, h_field, L=L, N_a=N_a, cutoff=cutoff):\n",
    "    # import time\n",
    "    # t0 = time.time()\n",
    "    E = 0\n",
    "    a = L / (N_a-1)  # Lattice constant of the underlying simple cubic lattice (in reduced units) \n",
    "    edges = []\n",
    "    for i, j, k in itertools.product(range(N_a), range(N_a), range(N_a)):\n",
    "        for dx in range(-int(cutoff // a), int(cutoff // a) + 1):\n",
    "            for dy in range(-int(cutoff // a), int(cutoff // a) + 1):\n",
    "                for dz in range(-int(cutoff // a), int(cutoff // a) + 1):\n",
    "\n",
    "                    if dx == dy == dz == 0:\n",
    "                        continue\n",
    "\n",
    "                    x, y, z = i + dx, j + dy, k + dz\n",
    "\n",
    "                    if (x<0) or (x>=N_a) or (y<0) or (y>=N_a) or (z<0) or (z>=N_a):\n",
    "                        continue\n",
    "                        \n",
    "                    coo_a = np.array([i*a, j*a, k*a])\n",
    "                    coo_b = np.array([x*a, y*a, z*a])\n",
    "\n",
    "                    if np.linalg.norm(coo_a - coo_b) >= cutoff:\n",
    "                        continue\n",
    "\n",
    "                    # only count each pair once\n",
    "                    # edge = set([(i, j, k), (x, y, z)])\n",
    "                    # if edge in edges:\n",
    "                    #     continue\n",
    "                    # edges.append(edge)\n",
    "                    \n",
    "                    if dy < 0:\n",
    "                        continue\n",
    "                    if dy==0 and dx>0:\n",
    "                        continue\n",
    "                    if dy==0 and dx==0 and dz>0:\n",
    "                        continue\n",
    "\n",
    "                    E += 0.25 * V_ij(coo_a, coo_b) * lattice[i, j, k] * lattice[x, y, z]\n",
    "    # Add the on-site field contribution to the total energy\n",
    "    E += np.sum(h_field * lattice)\n",
    "    # print(f'compute_energy took {time.time()-t0} seconds')\n",
    "    return E\n",
    "\n",
    "# Function to compute total energy of a configuration with open boundary conditions\n",
    "def compute_energy_occ(lattice, L=L, N_a=N_a, cutoff=cutoff):\n",
    "    # import time\n",
    "    # t0 = time.time()\n",
    "    E = 0\n",
    "    a = L / (N_a-1)  # Lattice constant of the underlying simple cubic lattice (in reduced units) \n",
    "    edges = []\n",
    "    for i, j, k in itertools.product(range(N_a), range(N_a), range(N_a)):\n",
    "        for dx in range(-int(cutoff // a), int(cutoff // a) + 1):\n",
    "            for dy in range(-int(cutoff // a), int(cutoff // a) + 1):\n",
    "                for dz in range(-int(cutoff // a), int(cutoff // a) + 1):\n",
    "\n",
    "                    if dx == dy == dz == 0:\n",
    "                        continue\n",
    "\n",
    "                    x, y, z = i + dx, j + dy, k + dz\n",
    "\n",
    "                    if (x<0) or (x>=N_a) or (y<0) or (y>=N_a) or (z<0) or (z>=N_a):\n",
    "                        continue\n",
    "                        \n",
    "                    coo_a = np.array([i*a, j*a, k*a])\n",
    "                    coo_b = np.array([x*a, y*a, z*a])\n",
    "\n",
    "                    if np.linalg.norm(coo_a - coo_b) >= cutoff:\n",
    "                        continue\n",
    "\n",
    "                    \n",
    "                    if dy < 0:\n",
    "                        continue\n",
    "                    if dy==0 and dx>0:\n",
    "                        continue\n",
    "                    if dy==0 and dx==0 and dz>0:\n",
    "                        continue\n",
    "                \n",
    "                    E += V_ij(coo_a, coo_b) * lattice[i, j, k] * lattice[x, y, z]\n",
    "\n",
    "    return E\n",
    "\n",
    "def compute_energy_spin(lattice, L=L, N_a=N_a, cutoff=cutoff):\n",
    "    # import time\n",
    "    # t0 = time.time()\n",
    "    E = 0\n",
    "    a = L / (N_a-1)  # Lattice constant of the underlying simple cubic lattice (in reduced units) \n",
    "    edges = []\n",
    "    for i, j, k in itertools.product(range(N_a), range(N_a), range(N_a)):\n",
    "        for dx in range(-int(cutoff // a), int(cutoff // a) + 1):\n",
    "            for dy in range(-int(cutoff // a), int(cutoff // a) + 1):\n",
    "                for dz in range(-int(cutoff // a), int(cutoff // a) + 1):\n",
    "\n",
    "                    if dx == dy == dz == 0:\n",
    "                        continue\n",
    "\n",
    "                    x, y, z = i + dx, j + dy, k + dz\n",
    "\n",
    "                    if (x<0) or (x>=N_a) or (y<0) or (y>=N_a) or (z<0) or (z>=N_a):\n",
    "                        continue\n",
    "                        \n",
    "                    coo_a = np.array([i*a, j*a, k*a])\n",
    "                    coo_b = np.array([x*a, y*a, z*a])\n",
    "\n",
    "                    if np.linalg.norm(coo_a - coo_b) >= cutoff:\n",
    "                        continue\n",
    "\n",
    "                    \n",
    "                    if dy < 0:\n",
    "                        continue\n",
    "                    if dy==0 and dx>0:\n",
    "                        continue\n",
    "                    if dy==0 and dx==0 and dz>0:\n",
    "                        continue\n",
    "                \n",
    "                    E += V_ij(coo_a, coo_b) * (lattice[i, j, k]+1) * (lattice[x, y, z]+1) * 0.25\n",
    "\n",
    "    return E\n",
    "\n",
    "def occ2spin(lattice):\n",
    "    lattice = np.array(lattice)\n",
    "    lattice[lattice==0] = -1\n",
    "    return lattice\n",
    "\n"
   ]
  },
  {
   "cell_type": "code",
   "execution_count": 3,
   "metadata": {},
   "outputs": [
    {
     "name": "stdout",
     "output_type": "stream",
     "text": [
      "E_spin: 157.85122068224914\n",
      "E_occ: 8634.061589693987\n",
      "E_occ - E_spin: 8476.210369011738\n",
      "E_spin2: 8634.061589693987\n",
      "E_occ - E_spin2: 0.0\n"
     ]
    }
   ],
   "source": [
    "lattice_occ = np.random.choice([0, 1], size=(N_a, N_a, N_a))\n",
    "# print(f'Occupation lattice: \\n{lattice_occ}')\n",
    "lattice_spin = occ2spin(lattice_occ)\n",
    "# print(f'Spin lattice: \\n{lattice_spin}')\n",
    "# print(lattice_occ, lattice_spin)\n",
    "\n",
    "h_field = compute_h_field(lattice_spin)\n",
    "# print(f'Magnetic field: \\n{h_field}')\n",
    "\n",
    "\n",
    "E_spin = compute_energy(lattice_spin, h_field)\n",
    "E_spin2 = compute_energy_spin(lattice_spin)\n",
    "E_occ = compute_energy_occ(lattice_occ)\n",
    "print(f'E_spin: {E_spin}')\n",
    "print(f'E_occ: {E_occ}')\n",
    "print(f'E_occ - E_spin: {E_occ - E_spin}')\n",
    "print(f'E_spin2: {E_spin2}')\n",
    "print(f'E_occ - E_spin2: {E_occ - E_spin2}')"
   ]
  },
  {
   "cell_type": "code",
   "execution_count": 4,
   "metadata": {},
   "outputs": [
    {
     "name": "stdout",
     "output_type": "stream",
     "text": [
      "h_field: \n",
      "[[[ 6.77220282 11.18174622 10.07349177  9.83601026  9.77899584\n",
      "    9.77899584  9.83601026 10.07349177 11.18174622  6.77220282]\n",
      "  [11.18174622 17.4123887  15.91302473 15.59867987 15.52340193\n",
      "   15.52340193 15.59867987 15.91302473 17.4123887  11.18174622]\n",
      "  [10.07349177 15.91302473 14.2785395  13.92525997 13.8382425\n",
      "   13.8382425  13.92525997 14.2785395  15.91302473 10.07349177]\n",
      "  [ 9.83601026 15.59867987 13.92525997 13.55633923 13.46382567\n",
      "   13.46382567 13.55633923 13.92525997 15.59867987  9.83601026]\n",
      "  [ 9.77899584 15.52340193 13.8382425  13.46382567 13.37131212\n",
      "   13.37131212 13.46382567 13.8382425  15.52340193  9.77899584]\n",
      "  [ 9.77899584 15.52340193 13.8382425  13.46382567 13.37131212\n",
      "   13.37131212 13.46382567 13.8382425  15.52340193  9.77899584]\n",
      "  [ 9.83601026 15.59867987 13.92525997 13.55633923 13.46382567\n",
      "   13.46382567 13.55633923 13.92525997 15.59867987  9.83601026]\n",
      "  [10.07349177 15.91302473 14.2785395  13.92525997 13.8382425\n",
      "   13.8382425  13.92525997 14.2785395  15.91302473 10.07349177]\n",
      "  [11.18174622 17.4123887  15.91302473 15.59867987 15.52340193\n",
      "   15.52340193 15.59867987 15.91302473 17.4123887  11.18174622]\n",
      "  [ 6.77220282 11.18174622 10.07349177  9.83601026  9.77899584\n",
      "    9.77899584  9.83601026 10.07349177 11.18174622  6.77220282]]\n",
      "\n",
      " [[11.18174622 17.4123887  15.91302473 15.59867987 15.52340193\n",
      "   15.52340193 15.59867987 15.91302473 17.4123887  11.18174622]\n",
      "  [17.4123887  25.79129258 23.76815001 23.35204091 23.25270147\n",
      "   23.25270147 23.35204091 23.76815001 25.79129258 17.4123887 ]\n",
      "  [15.91302473 23.76815001 21.56540696 21.0981217  20.98338358\n",
      "   20.98338358 21.0981217  21.56540696 23.76815001 15.91302473]\n",
      "  [15.59867987 23.35204091 21.0981217  20.61026104 20.48809544\n",
      "   20.48809544 20.61026104 21.0981217  23.35204091 15.59867987]\n",
      "  [15.52340193 23.25270147 20.98338358 20.48809544 20.36592984\n",
      "   20.36592984 20.48809544 20.98338358 23.25270147 15.52340193]\n",
      "  [15.52340193 23.25270147 20.98338358 20.48809544 20.36592984\n",
      "   20.36592984 20.48809544 20.98338358 23.25270147 15.52340193]\n",
      "  [15.59867987 23.35204091 21.0981217  20.61026104 20.48809544\n",
      "   20.48809544 20.61026104 21.0981217  23.35204091 15.59867987]\n",
      "  [15.91302473 23.76815001 21.56540696 21.0981217  20.98338358\n",
      "   20.98338358 21.0981217  21.56540696 23.76815001 15.91302473]\n",
      "  [17.4123887  25.79129258 23.76815001 23.35204091 23.25270147\n",
      "   23.25270147 23.35204091 23.76815001 25.79129258 17.4123887 ]\n",
      "  [11.18174622 17.4123887  15.91302473 15.59867987 15.52340193\n",
      "   15.52340193 15.59867987 15.91302473 17.4123887  11.18174622]]\n",
      "\n",
      " [[10.07349177 15.91302473 14.2785395  13.92525997 13.8382425\n",
      "   13.8382425  13.92525997 14.2785395  15.91302473 10.07349177]\n",
      "  [15.91302473 23.76815001 21.56540696 21.0981217  20.98338358\n",
      "   20.98338358 21.0981217  21.56540696 23.76815001 15.91302473]\n",
      "  [14.2785395  21.56540696 19.16376785 18.63843146 18.50584034\n",
      "   18.50584034 18.63843146 19.16376785 21.56540696 14.2785395 ]\n",
      "  [13.92525997 21.0981217  18.63843146 18.08933564 17.9479244\n",
      "   17.9479244  18.08933564 18.63843146 21.0981217  13.92525997]\n",
      "  [13.8382425  20.98338358 18.50584034 17.9479244  17.80651317\n",
      "   17.80651317 17.9479244  18.50584034 20.98338358 13.8382425 ]\n",
      "  [13.8382425  20.98338358 18.50584034 17.9479244  17.80651317\n",
      "   17.80651317 17.9479244  18.50584034 20.98338358 13.8382425 ]\n",
      "  [13.92525997 21.0981217  18.63843146 18.08933564 17.9479244\n",
      "   17.9479244  18.08933564 18.63843146 21.0981217  13.92525997]\n",
      "  [14.2785395  21.56540696 19.16376785 18.63843146 18.50584034\n",
      "   18.50584034 18.63843146 19.16376785 21.56540696 14.2785395 ]\n",
      "  [15.91302473 23.76815001 21.56540696 21.0981217  20.98338358\n",
      "   20.98338358 21.0981217  21.56540696 23.76815001 15.91302473]\n",
      "  [10.07349177 15.91302473 14.2785395  13.92525997 13.8382425\n",
      "   13.8382425  13.92525997 14.2785395  15.91302473 10.07349177]]\n",
      "\n",
      " [[ 9.83601026 15.59867987 13.92525997 13.55633923 13.46382567\n",
      "   13.46382567 13.55633923 13.92525997 15.59867987  9.83601026]\n",
      "  [15.59867987 23.35204091 21.0981217  20.61026104 20.48809544\n",
      "   20.48809544 20.61026104 21.0981217  23.35204091 15.59867987]\n",
      "  [13.92525997 21.0981217  18.63843146 18.08933564 17.9479244\n",
      "   17.9479244  18.08933564 18.63843146 21.0981217  13.92525997]\n",
      "  [13.55633923 20.61026104 18.08933564 17.51475537 17.36452402\n",
      "   17.36452402 17.51475537 18.08933564 20.61026104 13.55633923]\n",
      "  [13.46382567 20.48809544 17.9479244  17.36452402 17.21429267\n",
      "   17.21429267 17.36452402 17.9479244  20.48809544 13.46382567]\n",
      "  [13.46382567 20.48809544 17.9479244  17.36452402 17.21429267\n",
      "   17.21429267 17.36452402 17.9479244  20.48809544 13.46382567]\n",
      "  [13.55633923 20.61026104 18.08933564 17.51475537 17.36452402\n",
      "   17.36452402 17.51475537 18.08933564 20.61026104 13.55633923]\n",
      "  [13.92525997 21.0981217  18.63843146 18.08933564 17.9479244\n",
      "   17.9479244  18.08933564 18.63843146 21.0981217  13.92525997]\n",
      "  [15.59867987 23.35204091 21.0981217  20.61026104 20.48809544\n",
      "   20.48809544 20.61026104 21.0981217  23.35204091 15.59867987]\n",
      "  [ 9.83601026 15.59867987 13.92525997 13.55633923 13.46382567\n",
      "   13.46382567 13.55633923 13.92525997 15.59867987  9.83601026]]\n",
      "\n",
      " [[ 9.77899584 15.52340193 13.8382425  13.46382567 13.37131212\n",
      "   13.37131212 13.46382567 13.8382425  15.52340193  9.77899584]\n",
      "  [15.52340193 23.25270147 20.98338358 20.48809544 20.36592984\n",
      "   20.36592984 20.48809544 20.98338358 23.25270147 15.52340193]\n",
      "  [13.8382425  20.98338358 18.50584034 17.9479244  17.80651317\n",
      "   17.80651317 17.9479244  18.50584034 20.98338358 13.8382425 ]\n",
      "  [13.46382567 20.48809544 17.9479244  17.36452402 17.21429267\n",
      "   17.21429267 17.36452402 17.9479244  20.48809544 13.46382567]\n",
      "  [13.37131212 20.36592984 17.80651317 17.21429267 17.06406132\n",
      "   17.06406132 17.21429267 17.80651317 20.36592984 13.37131212]\n",
      "  [13.37131212 20.36592984 17.80651317 17.21429267 17.06406132\n",
      "   17.06406132 17.21429267 17.80651317 20.36592984 13.37131212]\n",
      "  [13.46382567 20.48809544 17.9479244  17.36452402 17.21429267\n",
      "   17.21429267 17.36452402 17.9479244  20.48809544 13.46382567]\n",
      "  [13.8382425  20.98338358 18.50584034 17.9479244  17.80651317\n",
      "   17.80651317 17.9479244  18.50584034 20.98338358 13.8382425 ]\n",
      "  [15.52340193 23.25270147 20.98338358 20.48809544 20.36592984\n",
      "   20.36592984 20.48809544 20.98338358 23.25270147 15.52340193]\n",
      "  [ 9.77899584 15.52340193 13.8382425  13.46382567 13.37131212\n",
      "   13.37131212 13.46382567 13.8382425  15.52340193  9.77899584]]\n",
      "\n",
      " [[ 9.77899584 15.52340193 13.8382425  13.46382567 13.37131212\n",
      "   13.37131212 13.46382567 13.8382425  15.52340193  9.77899584]\n",
      "  [15.52340193 23.25270147 20.98338358 20.48809544 20.36592984\n",
      "   20.36592984 20.48809544 20.98338358 23.25270147 15.52340193]\n",
      "  [13.8382425  20.98338358 18.50584034 17.9479244  17.80651317\n",
      "   17.80651317 17.9479244  18.50584034 20.98338358 13.8382425 ]\n",
      "  [13.46382567 20.48809544 17.9479244  17.36452402 17.21429267\n",
      "   17.21429267 17.36452402 17.9479244  20.48809544 13.46382567]\n",
      "  [13.37131212 20.36592984 17.80651317 17.21429267 17.06406132\n",
      "   17.06406132 17.21429267 17.80651317 20.36592984 13.37131212]\n",
      "  [13.37131212 20.36592984 17.80651317 17.21429267 17.06406132\n",
      "   17.06406132 17.21429267 17.80651317 20.36592984 13.37131212]\n",
      "  [13.46382567 20.48809544 17.9479244  17.36452402 17.21429267\n",
      "   17.21429267 17.36452402 17.9479244  20.48809544 13.46382567]\n",
      "  [13.8382425  20.98338358 18.50584034 17.9479244  17.80651317\n",
      "   17.80651317 17.9479244  18.50584034 20.98338358 13.8382425 ]\n",
      "  [15.52340193 23.25270147 20.98338358 20.48809544 20.36592984\n",
      "   20.36592984 20.48809544 20.98338358 23.25270147 15.52340193]\n",
      "  [ 9.77899584 15.52340193 13.8382425  13.46382567 13.37131212\n",
      "   13.37131212 13.46382567 13.8382425  15.52340193  9.77899584]]\n",
      "\n",
      " [[ 9.83601026 15.59867987 13.92525997 13.55633923 13.46382567\n",
      "   13.46382567 13.55633923 13.92525997 15.59867987  9.83601026]\n",
      "  [15.59867987 23.35204091 21.0981217  20.61026104 20.48809544\n",
      "   20.48809544 20.61026104 21.0981217  23.35204091 15.59867987]\n",
      "  [13.92525997 21.0981217  18.63843146 18.08933564 17.9479244\n",
      "   17.9479244  18.08933564 18.63843146 21.0981217  13.92525997]\n",
      "  [13.55633923 20.61026104 18.08933564 17.51475537 17.36452402\n",
      "   17.36452402 17.51475537 18.08933564 20.61026104 13.55633923]\n",
      "  [13.46382567 20.48809544 17.9479244  17.36452402 17.21429267\n",
      "   17.21429267 17.36452402 17.9479244  20.48809544 13.46382567]\n",
      "  [13.46382567 20.48809544 17.9479244  17.36452402 17.21429267\n",
      "   17.21429267 17.36452402 17.9479244  20.48809544 13.46382567]\n",
      "  [13.55633923 20.61026104 18.08933564 17.51475537 17.36452402\n",
      "   17.36452402 17.51475537 18.08933564 20.61026104 13.55633923]\n",
      "  [13.92525997 21.0981217  18.63843146 18.08933564 17.9479244\n",
      "   17.9479244  18.08933564 18.63843146 21.0981217  13.92525997]\n",
      "  [15.59867987 23.35204091 21.0981217  20.61026104 20.48809544\n",
      "   20.48809544 20.61026104 21.0981217  23.35204091 15.59867987]\n",
      "  [ 9.83601026 15.59867987 13.92525997 13.55633923 13.46382567\n",
      "   13.46382567 13.55633923 13.92525997 15.59867987  9.83601026]]\n",
      "\n",
      " [[10.07349177 15.91302473 14.2785395  13.92525997 13.8382425\n",
      "   13.8382425  13.92525997 14.2785395  15.91302473 10.07349177]\n",
      "  [15.91302473 23.76815001 21.56540696 21.0981217  20.98338358\n",
      "   20.98338358 21.0981217  21.56540696 23.76815001 15.91302473]\n",
      "  [14.2785395  21.56540696 19.16376785 18.63843146 18.50584034\n",
      "   18.50584034 18.63843146 19.16376785 21.56540696 14.2785395 ]\n",
      "  [13.92525997 21.0981217  18.63843146 18.08933564 17.9479244\n",
      "   17.9479244  18.08933564 18.63843146 21.0981217  13.92525997]\n",
      "  [13.8382425  20.98338358 18.50584034 17.9479244  17.80651317\n",
      "   17.80651317 17.9479244  18.50584034 20.98338358 13.8382425 ]\n",
      "  [13.8382425  20.98338358 18.50584034 17.9479244  17.80651317\n",
      "   17.80651317 17.9479244  18.50584034 20.98338358 13.8382425 ]\n",
      "  [13.92525997 21.0981217  18.63843146 18.08933564 17.9479244\n",
      "   17.9479244  18.08933564 18.63843146 21.0981217  13.92525997]\n",
      "  [14.2785395  21.56540696 19.16376785 18.63843146 18.50584034\n",
      "   18.50584034 18.63843146 19.16376785 21.56540696 14.2785395 ]\n",
      "  [15.91302473 23.76815001 21.56540696 21.0981217  20.98338358\n",
      "   20.98338358 21.0981217  21.56540696 23.76815001 15.91302473]\n",
      "  [10.07349177 15.91302473 14.2785395  13.92525997 13.8382425\n",
      "   13.8382425  13.92525997 14.2785395  15.91302473 10.07349177]]\n",
      "\n",
      " [[11.18174622 17.4123887  15.91302473 15.59867987 15.52340193\n",
      "   15.52340193 15.59867987 15.91302473 17.4123887  11.18174622]\n",
      "  [17.4123887  25.79129258 23.76815001 23.35204091 23.25270147\n",
      "   23.25270147 23.35204091 23.76815001 25.79129258 17.4123887 ]\n",
      "  [15.91302473 23.76815001 21.56540696 21.0981217  20.98338358\n",
      "   20.98338358 21.0981217  21.56540696 23.76815001 15.91302473]\n",
      "  [15.59867987 23.35204091 21.0981217  20.61026104 20.48809544\n",
      "   20.48809544 20.61026104 21.0981217  23.35204091 15.59867987]\n",
      "  [15.52340193 23.25270147 20.98338358 20.48809544 20.36592984\n",
      "   20.36592984 20.48809544 20.98338358 23.25270147 15.52340193]\n",
      "  [15.52340193 23.25270147 20.98338358 20.48809544 20.36592984\n",
      "   20.36592984 20.48809544 20.98338358 23.25270147 15.52340193]\n",
      "  [15.59867987 23.35204091 21.0981217  20.61026104 20.48809544\n",
      "   20.48809544 20.61026104 21.0981217  23.35204091 15.59867987]\n",
      "  [15.91302473 23.76815001 21.56540696 21.0981217  20.98338358\n",
      "   20.98338358 21.0981217  21.56540696 23.76815001 15.91302473]\n",
      "  [17.4123887  25.79129258 23.76815001 23.35204091 23.25270147\n",
      "   23.25270147 23.35204091 23.76815001 25.79129258 17.4123887 ]\n",
      "  [11.18174622 17.4123887  15.91302473 15.59867987 15.52340193\n",
      "   15.52340193 15.59867987 15.91302473 17.4123887  11.18174622]]\n",
      "\n",
      " [[ 6.77220282 11.18174622 10.07349177  9.83601026  9.77899584\n",
      "    9.77899584  9.83601026 10.07349177 11.18174622  6.77220282]\n",
      "  [11.18174622 17.4123887  15.91302473 15.59867987 15.52340193\n",
      "   15.52340193 15.59867987 15.91302473 17.4123887  11.18174622]\n",
      "  [10.07349177 15.91302473 14.2785395  13.92525997 13.8382425\n",
      "   13.8382425  13.92525997 14.2785395  15.91302473 10.07349177]\n",
      "  [ 9.83601026 15.59867987 13.92525997 13.55633923 13.46382567\n",
      "   13.46382567 13.55633923 13.92525997 15.59867987  9.83601026]\n",
      "  [ 9.77899584 15.52340193 13.8382425  13.46382567 13.37131212\n",
      "   13.37131212 13.46382567 13.8382425  15.52340193  9.77899584]\n",
      "  [ 9.77899584 15.52340193 13.8382425  13.46382567 13.37131212\n",
      "   13.37131212 13.46382567 13.8382425  15.52340193  9.77899584]\n",
      "  [ 9.83601026 15.59867987 13.92525997 13.55633923 13.46382567\n",
      "   13.46382567 13.55633923 13.92525997 15.59867987  9.83601026]\n",
      "  [10.07349177 15.91302473 14.2785395  13.92525997 13.8382425\n",
      "   13.8382425  13.92525997 14.2785395  15.91302473 10.07349177]\n",
      "  [11.18174622 17.4123887  15.91302473 15.59867987 15.52340193\n",
      "   15.52340193 15.59867987 15.91302473 17.4123887  11.18174622]\n",
      "  [ 6.77220282 11.18174622 10.07349177  9.83601026  9.77899584\n",
      "    9.77899584  9.83601026 10.07349177 11.18174622  6.77220282]]]\n"
     ]
    }
   ],
   "source": [
    "print(f'h_field: \\n{h_field}')"
   ]
  }
 ],
 "metadata": {
  "kernelspec": {
   "display_name": "tnvmc",
   "language": "python",
   "name": "python3"
  },
  "language_info": {
   "codemirror_mode": {
    "name": "ipython",
    "version": 3
   },
   "file_extension": ".py",
   "mimetype": "text/x-python",
   "name": "python",
   "nbconvert_exporter": "python",
   "pygments_lexer": "ipython3",
   "version": "3.8.17"
  }
 },
 "nbformat": 4,
 "nbformat_minor": 2
}
